# Index    BalmerBreak(mag)    Redshift
0        -0.0236 4.8682
1        0.7861 5.6101
2        0.7495 5.8977
3        -0.2279 6.4147
4        0.1130 6.0304
5        -0.1953 5.9461
6        0.0980 5.2224
7        -0.0933 5.5766
8        0.2971 4.8084
9        0.6996 5.6419
10       0.6464 4.6974
11       0.7613 6.0553
12       0.1357 6.9998
13       -0.2238 6.2784
14       0.4888 5.9520
15       0.7495 5.2349
16       0.0222 4.6532
17       -0.0654 5.9058
18       -0.1218 8.7115
19       -0.0348 7.4701
20       0.2322 4.8570
21       -0.2938 4.6526
22       -0.1652 8.8546
23       -0.0900 5.8103
24       0.3162 5.8559
25       -0.2152 5.9958
26       -0.1416 6.3183
27       -0.2461 7.9689
28       -0.1366 9.8564
29       0.3873 4.8318
30       0.3896 8.4093
31       0.5527 6.2771
32       -0.0721 8.2358
33       -0.2179 6.2262
34       0.0520 6.3900
35       0.0476 6.3387
36       0.1091 5.2326
37       0.4515 4.8145
38       0.1891 6.0540
39       -0.1432 7.9047
40       0.3188 5.5031
41       -0.2424 6.1154
42       -0.1807 5.6240
43       0.2853 4.8730
44       0.3005 6.0148
45       0.3692 4.8856
46       0.2258 6.2674
47       0.0200 5.4544
48       0.6798 5.9956
49       0.7984 6.0715
50       0.4902 5.2874
51       -0.1554 5.8902
52       -0.0505 6.0242
53       -0.2372 5.8301
54       0.3453 5.2397
55       -0.2851 6.3311
56       -0.0630 4.8405
57       0.4684 4.6643
58       -0.1360 6.0017
59       0.2905 5.9986
60       0.5510 6.1380
61       -0.1664 5.5851
62       0.1159 5.2641
63       -0.1849 6.3514
64       0.3466 5.9166
65       0.7293 5.6594
66       -0.1401 5.5597
67       0.0095 6.5268
68       0.6518 4.6996
69       0.4900 4.6544
70       -0.2484 5.0697
71       -0.1435 6.3008
72       -0.1546 5.6302
73       -0.2638 5.7848
74       -0.2255 5.5429
75       0.6822 5.7620
76       0.3563 5.6079
77       -0.2292 4.8581
78       -0.1769 5.5731
79       0.6552 4.8261
80       0.2072 4.8504
81       0.5255 4.5669
82       -0.1429 7.4939
83       -0.0776 6.2221
84       -0.1162 7.4353
85       -0.1423 4.9450
86       -0.2231 4.9791
87       -0.2264 5.9350
88       -0.2625 4.9250
89       -0.2153 5.9358
90       0.2387 6.0181
91       -0.1911 5.8130
92       -0.2329 5.0727
93       -0.2323 6.4414
94       0.1801 4.6621
95       -0.1389 5.9638
96       0.3473 5.6193
97       -0.0062 5.2754
98       -0.1552 6.2434
99       -0.1785 7.4939
100      -0.0123 8.6638
101      -0.2193 5.9523
102      -0.2310 6.1793
103      0.6021 6.1658
104      1.0628 4.6543
105      -0.2698 5.7860
106      -0.1844 4.8980
107      -0.1039 7.3712
108      -0.2433 5.9980
109      -0.1666 6.5927
110      -0.0973 6.8401
111      -0.0905 8.6186
112      0.5741 4.8204
113      -0.1452 6.2677
114      -0.0775 4.8880
115      -0.1670 5.4760
116      0.5269 5.3244
117      -0.1818 6.8882
118      0.4687 4.8406
119      -0.1493 8.1684
120      -0.2467 5.7730
121      0.3131 4.8675
122      0.1625 5.0483
123      0.5737 6.2057
124      0.4455 6.2348
125      -0.0370 6.0197
126      -0.1831 6.0000
127      -0.1713 4.6504
128      0.3590 6.0617
129      0.4164 7.8346
130      -0.0205 4.8628
131      0.0396 4.9288
132      -0.0571 4.8323
133      0.1572 4.8964
134      -0.2154 9.3190
135      -0.1765 5.6514
136      -0.1335 10.0491
137      0.6844 4.7341
138      -0.2173 5.2309
139      -0.1264 4.8300
140      -0.2866 6.3455
141      -0.1598 4.8084
142      -0.2482 5.6501
143      0.3831 4.8390
144      -0.1935 7.0807
145      -0.1100 4.8300
146      -0.2107 6.9090
147      1.2308 6.0825
148      0.2156 5.9198
149      0.6835 5.2908
150      0.1487 5.9912
151      -0.1799 7.7010
152      0.1014 6.7080
153      -0.1908 6.2011
154      -0.2249 5.9360
155      0.0534 6.0182
156      0.2856 5.9530
157      -0.1264 4.9475
158      0.3099 6.0695
159      -0.2342 5.6478
160      -0.0249 5.5888
161      -0.2259 7.9555
162      0.6028 4.8095
163      -0.2330 6.1467
164      -0.2321 5.6406
165      -0.2308 6.4757
166      0.4737 6.0548
167      -0.1405 4.9541
168      -0.1693 5.6079
169      -0.1597 4.8663
170      -0.0937 6.2705
171      0.1061 6.4593
172      -0.0461 5.3406
173      0.5040 5.7376
174      0.1527 5.9734
175      -0.1789 8.1577
176      -0.0059 6.8244
177      -0.0713 8.7575
178      0.0186 4.8394
179      -0.2013 7.1073
180      -0.2149 4.8360
181      0.5715 4.8077
182      0.2669 5.8537
183      -0.2159 6.5805
184      0.6383 5.2041
185      -0.3086 20.3102
186      -0.0919 5.8666
187      0.7273 5.6085
188      -0.2534 6.1075
189      0.6085 5.5413
190      0.5269 5.5119
191      0.4833 6.0112
192      -0.2190 5.9341
193      0.1348 5.0533
194      -0.3096 6.8090
195      -0.1511 6.1056
196      -0.1338 7.5722
197      0.3408 5.7258
198      -0.0909 5.2748
199      -0.2545 9.1332
200      -0.0434 7.3786
201      0.1750 5.8238
202      0.1332 6.0531
203      -0.2703 7.1125
204      0.0981 5.9371
205      -0.1917 8.5354
206      -0.1392 7.0859
207      -0.1856 5.6512
208      -0.0100 5.2116
209      -0.1203 6.0346
210      -0.0125 6.6868
211      0.4393 6.0833
212      -0.2427 5.1326
213      -0.1673 9.0670
214      -0.0944 5.2735
215      0.6812 4.8186
216      -0.1645 8.4743
217      -0.0191 7.3815
218      -0.2095 5.2343
219      0.4551 5.8862
220      0.6499 7.5996
221      -0.2156 5.7680
222      -0.0836 7.5201
223      -0.0921 10.4546
224      -0.1949 5.8623
225      -0.0717 6.6377
226      0.7490 6.0493
227      0.4019 5.4258
228      0.3336 7.0990
229      -0.2718 5.8474
230      0.0314 8.8730
231      -0.0775 8.9339
232      0.5661 4.6619
233      -0.1905 7.6348
234      0.4942 7.9321
235      -0.1525 5.5471
236      -0.1801 5.2430
237      -0.0968 4.8383
238      0.4712 5.3611
239      0.1795 6.0194
240      0.5518 4.8173
241      -0.0536 6.1398
242      0.1144 6.0133
243      0.7189 5.2951
244      -0.0416 7.0305
245      0.5010 5.8589
246      -0.1733 5.9962
247      0.5635 4.6484
248      0.3650 4.5866
249      0.0529 6.0569
250      0.3672 5.9549
251      -0.0120 6.4575
252      0.5113 5.1950
253      0.4083 5.2376
254      -0.1819 4.8542
255      0.3066 5.8875
256      -0.0945 5.2095
257      -0.1225 4.7852
258      -0.1726 4.6445
259      -0.0584 7.2920
260      0.6768 5.2656
261      -0.2754 7.2810
262      0.6086 6.0683
263      0.6163 7.5496
264      -0.1880 8.0935
265      0.4921 5.7749
266      -0.2682 4.8812
267      0.5897 4.8411
268      -0.1749 7.1976
269      -0.1881 8.3472
270      0.0497 4.8107
271      0.2936 4.8371
272      0.6299 4.8051
273      -0.1614 7.3632
274      -0.0548 6.5781
275      0.7194 5.7407
276      0.3372 5.9447
277      0.5183 7.4104
278      0.0199 6.0862
279      0.4331 5.1494
280      0.4030 4.8270
281      -0.2131 5.5556
282      -0.1379 5.5456
283      0.5608 6.5324
284      0.1717 5.8713
285      -0.1716 7.1485
286      0.5210 5.3513
287      0.1231 4.8179
288      0.4559 4.8126
289      0.5068 10.2478
290      0.1223 6.0385
291      -0.1500 5.6369
292      -0.1768 4.7815
293      0.5097 4.7153
294      0.1432 5.3914
295      0.6797 7.7152
296      -0.0453 6.2750
297      -0.0060 6.2505
298      -0.2165 5.9641
299      0.0044 7.3627
300      -0.2871 5.9519
301      -0.1701 8.5788
302      0.7131 12.2390
303      -0.1373 7.3514
304      0.1835 5.7948
305      0.1624 10.3523
306      0.4804 4.8484
307      -0.2179 5.9506
308      0.7556 5.9593
309      -0.2474 6.2881
310      0.4996 4.6863
311      -0.2989 5.0587
312      -0.1622 7.5427
313      0.3484 4.6714
314      -0.2027 6.1931
315      -0.0818 5.2220
316      -0.2587 5.7103
317      0.5087 6.0546
318      -0.2112 7.4959
319      -0.1783 5.8625
320      -0.1630 6.0307
321      0.1178 4.8137
322      0.5401 5.8827
323      0.3938 6.0056
324      -0.1496 4.7932
325      -0.0885 4.7954
326      0.0423 5.8295
327      -0.0074 4.6387
328      -0.1835 6.7665
329      -0.0732 4.6458
330      0.6830 6.2338
331      0.5433 5.2390
332      -0.1319 6.0269
333      -0.0652 6.8521
334      -0.1488 7.4096
335      0.2679 4.9388
336      0.6152 4.8680
337      0.5773 5.2302
338      0.2335 6.9433
339      -0.2687 4.5479
340      0.0534 7.7972
341      0.1067 7.9398
342      -0.1338 6.9089
343      -0.1526 6.0032
344      0.6645 7.5921
345      0.5009 4.8661
346      0.7410 6.0540
347      0.4085 5.2822
348      0.3315 7.9265
349      -0.0998 6.0467
350      -0.1672 4.8054
351      -0.1766 5.1337
352      -0.1522 6.5303
353      -0.1109 5.9082
354      -0.2230 6.7538
355      -0.1998 7.1913
356      0.6143 5.2648
357      -0.2056 7.4322
358      0.0768 7.4893
359      0.1517 5.2360
360      -0.2151 5.8429
361      -0.1913 7.5110
362      -0.0177 5.2355
363      -0.1232 6.0314
364      -0.1821 6.0215
365      -0.1968 6.7717
366      -0.2771 5.2044
367      0.3521 4.8254
368      0.0630 5.2804
369      0.0999 5.7692
370      0.3419 5.2298
371      -0.1315 6.0037
372      0.5985 5.1264
373      0.1131 5.6593
374      -0.1784 5.1569
375      -0.1985 6.9401
376      -0.1831 7.3915
377      -0.0459 7.2220
378      0.1146 5.8053
379      -0.1301 5.4675
380      -0.1762 5.8809
381      -0.1341 6.3341
382      0.6651 6.6599
383      -0.1788 7.3942
384      0.7691 5.7727
385      -0.1672 5.7876
386      -0.1723 6.9095
387      0.1651 4.8743
388      0.4462 4.8733
389      -0.3119 5.1325
390      -0.1607 4.6151
391      -0.0099 11.5504
392      0.0117 6.4189
393      -0.3023 6.7122
394      -0.2239 9.4290
395      -0.2025 8.3711
396      -0.2453 6.0190
397      0.3502 5.3708
398      0.3792 5.8230
399      0.5766 7.6192
400      -0.1586 4.8716
401      0.1248 5.9429
402      -0.1680 8.6505
403      -0.1677 5.0317
404      0.3522 4.5505
405      0.4696 7.3573
406      0.4504 6.1628
407      -0.2488 5.1939
408      -0.0282 6.0124
409      -0.2903 6.7580
410      0.2026 5.4783
411      -0.2066 5.9664
412      0.6385 5.1348
413      0.0522 6.0996
414      0.6610 5.9087
415      0.8097 5.1657
416      -0.0310 5.8178
417      -0.2249 4.8670
418      -0.0806 6.8126
419      -0.2461 8.5342
420      -0.1360 5.8564
421      0.5715 4.8058
422      -0.0690 6.0753
423      0.2281 5.0545
424      0.4930 5.9078
425      0.5250 5.2601
426      0.3754 4.8184
427      0.1922 6.3400
428      -0.0135 6.6873
429      -0.2454 6.3189
430      0.5430 4.8600
431      0.4658 4.5970
432      0.5693 5.3041
433      -0.1179 5.6687
434      -0.2180 7.0563
435      0.5119 6.2116
436      -0.1094 5.9706
437      0.6487 5.1666
438      0.3678 6.0246
439      -0.2273 7.1635
440      -0.2131 7.3836
441      -0.2668 5.7912
442      -0.2397 5.9563
443      -0.2263 6.0156
444      0.1326 7.9661
445      -0.1187 6.0218
446      -0.2226 7.0756
447      0.0525 6.9361
448      -0.2088 8.5026
449      0.3198 4.8172
450      0.3398 5.2336
451      -0.1339 7.0713
452      0.1293 6.5011
453      -0.2010 5.8982
454      -0.0878 4.8206
455      0.5375 6.4896
456      0.6682 5.2749
457      0.1524 6.6708
458      -0.1686 7.1691
459      0.5991 6.7166
460      1.0126 6.2402
461      0.8822 5.7792
462      -0.2380 5.1361
463      0.2863 5.8529
464      0.4090 5.2903
465      0.3278 6.8116
466      0.5221 4.5585
467      0.0721 5.2887
468      -0.1763 6.7968
469      0.7541 5.1175
470      0.2435 5.2280
471      0.5661 4.8614
472      0.4983 4.5653
473      0.0957 5.5740
474      -0.0673 6.8334
475      0.2667 5.8087
476      -0.1515 7.3484
477      -0.2351 6.2937
478      0.6777 5.3216
479      -0.1880 5.1722
480      -0.1615 8.4477
481      -0.0590 4.9386
482      0.3613 4.6230
483      0.6203 6.9475
484      0.8755 6.3746
485      -0.0557 8.5266
486      -0.2220 6.6580
487      -0.1552 6.7060
488      0.1766 5.6689
489      -0.0714 5.9975
490      0.0041 6.7137
491      -0.1505 7.3532
492      -0.1118 7.2115
493      -0.1417 4.8085
494      -0.1921 5.6243
495      -0.1567 6.9505
496      -0.2368 5.8809
497      -0.1165 4.7108
498      0.3460 7.2129
499      -0.2248 11.1099
500      -0.0441 5.9697
501      -0.2160 8.9441
502      -0.2464 7.5910
503      -0.0630 8.4979
504      0.2345 6.6467
505      0.1598 7.0263
506      -0.1224 9.3946
507      -0.1584 7.3922
508      -0.2103 7.2125
509      -0.2350 5.7855
510      0.1478 7.5049
511      0.1966 5.6560
512      0.2575 6.6991
513      -0.1501 6.1337
514      -0.2276 7.2536
515      -0.2481 4.8770
516      -0.2579 6.1145
517      -0.1821 6.7805
518      -0.1767 6.3173
519      -0.1195 5.7653
520      -0.2302 7.3045
521      0.8188 5.5567
522      -0.2744 5.0354
523      -0.1623 7.4417
524      0.5937 5.5315
525      0.2799 5.5836
526      -0.0782 5.4732
527      0.0566 5.8429
528      -0.2465 6.1916
529      -0.1742 5.2096
530      0.6000 4.8738
531      -0.1984 5.5045
532      0.6320 4.8065
533      -0.1963 6.5928
534      -0.1971 6.9129
535      0.5604 5.8358
536      0.1937 5.2785
537      0.9456 5.7114
538      0.1214 7.6500
539      0.2613 6.5615
540      -0.0904 5.9127
541      -0.0597 5.6574
542      -0.2139 6.2951
543      0.4096 6.0361
544      0.1003 8.1934
545      -0.2481 5.9307
546      -0.3169 5.5309
547      0.2856 5.2733
548      -0.2316 5.6426
549      -0.0790 10.7885
550      -0.1237 8.0480
551      -0.2357 5.0607
552      0.1226 11.8826
553      0.3584 5.9829
554      -0.0732 8.1665
555      0.1628 4.9678
556      -0.2375 6.0031
557      -0.0446 7.2104
558      -0.1213 5.0135
559      -0.1221 7.1877
560      -0.1481 7.3527
561      -0.1427 5.0276
562      -0.2051 5.9256
563      -0.1988 6.2726
564      -0.1575 5.0599
565      -0.0064 5.6780
566      -0.0139 7.9679
567      -0.2135 7.2104
568      -0.2110 4.6974
569      -0.2682 5.9131
570      0.3930 5.2269
571      0.0035 5.9771
572      0.1386 7.1770
573      -0.2372 5.0323
574      -0.2272 5.1290
575      0.1245 5.9484
576      0.5268 5.7474
577      -0.2184 4.5239
578      0.5331 5.6135
579      0.1979 5.2260
580      -0.1482 6.6178
581      -0.2360 6.0263
582      0.5512 5.2533
583      -0.0540 5.5269
584      0.0855 6.5756
585      -0.0827 6.2626
586      -0.1591 7.0720
587      0.1241 5.2075
588      -0.2570 5.4944
589      0.5004 7.5513
590      0.1813 6.1689
591      -0.2126 7.0963
592      -0.2251 6.6185
593      0.2755 5.4871
594      0.3372 5.3440
595      0.4935 4.8143
596      0.1526 6.6525
597      0.1599 5.2197
598      0.3667 5.9472
599      0.0348 5.1308
600      -0.1247 5.5792
601      0.3636 5.7952
602      -0.1983 5.9259
603      -0.1524 6.8031
604      -0.2253 6.0065
605      0.4270 7.9613
606      0.3268 7.6946
607      -0.2428 5.7927
608      0.1299 5.9469
609      0.3399 5.6703
610      -0.1734 7.9155
611      -0.2476 6.7066
612      -0.1310 5.1183
613      -0.2529 6.0054
614      -0.0925 5.8016
615      0.4854 7.1392
616      0.1626 6.4053
617      0.7350 5.2151
618      0.5439 5.2154
619      0.0975 5.6207
620      -0.0292 7.2399
621      0.6249 5.8685
622      -0.2602 5.7951
623      0.0076 6.4489
624      -0.0405 4.7211
625      -0.0140 5.8736
626      0.2176 6.0030
627      0.2518 6.6838
628      0.3574 6.4069
629      0.2595 5.0885
630      -0.0250 5.8012
631      0.1433 4.8761
632      0.2425 5.9329
633      0.3914 5.8292
634      0.1949 6.5523
635      -0.0276 5.0029
636      -0.1980 8.0430
637      -0.1947 5.6453
638      0.4940 6.0891
639      0.3131 5.9944
640      -0.1028 4.7798
641      0.6432 5.1543
642      -0.2947 6.3162
643      0.1991 6.5835
644      0.7926 5.6709
645      0.6624 5.7992
646      0.0321 5.8040
647      0.0285 5.3008
648      0.2629 6.3354
649      0.2633 11.3760
650      0.4533 7.1637
651      -0.2020 6.1893
652      -0.2249 7.6128
653      0.4169 4.8554
654      -0.2496 7.1064
655      -0.2653 6.3587
656      0.2793 5.9989
657      -0.2584 4.8414
658      -0.2825 4.8761
659      -0.1935 6.8489
660      0.1063 5.9968
661      -0.2222 5.0757
662      -0.1549 7.2637
663      -0.2367 6.2733
664      -0.2178 7.6066
665      0.2490 5.8233
666      -0.1293 5.2248
667      0.3610 5.2143
668      -0.1225 5.2592
669      -0.2190 5.7706
670      -0.2747 5.8008
671      0.3347 6.5933
672      0.5984 6.1324
673      0.6746 5.7462
674      -0.1787 7.5892
675      -0.1925 5.0311
676      -0.1564 6.0993
677      0.4356 5.1612
678      -0.2313 6.2882
679      -0.0913 4.8178
680      0.4117 8.6166
681      -0.0467 5.5766
682      0.0923 5.6200
683      0.0323 6.0087
684      0.1689 5.2686
685      0.6830 5.4163
686      0.7354 5.2567
687      -0.0923 4.8658
688      0.8686 5.8735
689      -0.2575 6.3489
690      -0.2257 4.9536
691      -0.1168 7.4845
692      0.0186 5.9269
693      0.0403 5.9744
694      0.3724 4.8133
695      0.0705 5.2056
696      0.5361 6.1346
697      -0.1708 4.5911
698      0.6546 5.3022
699      1.0372 5.2579
700      -0.1205 6.7240
701      0.5705 5.2877
702      -0.1749 7.5521
703      0.0737 6.3893
704      0.0887 6.5568
705      -0.1772 6.5106
706      0.4909 5.5537
707      -0.0899 6.6559
708      -0.2806 6.6535
709      0.6178 5.8633
710      0.1765 5.7366
711      0.4732 4.8616
712      0.2821 5.7332
713      -0.0493 6.7235
714      -0.1346 6.0228
715      0.5546 4.7547
716      0.5709 4.8333
717      -0.1184 8.0514
718      -0.3013 5.9173
719      -0.2160 5.5747
720      0.0954 5.7982
721      0.8007 5.8837
722      1.1083 5.9018
723      -0.1254 4.8040
724      -0.2038 5.4609
725      0.4331 5.2702
726      0.0637 5.7926
727      0.2310 6.0086
728      -0.1916 9.5979
729      0.1282 4.8148
730      0.3786 6.3675
731      0.2094 5.9311
732      0.3335 5.2801
733      -0.1310 5.5722
734      -0.1680 7.1471
735      0.1527 8.2887
736      0.2462 6.0802
737      -0.2396 7.4183
738      0.1926 5.0162
739      0.3250 6.0167
740      -0.2382 6.8504
741      -0.2628 6.3013
742      -0.0889 5.9945
743      -0.2247 6.3204
744      0.2787 6.0878
745      -0.1452 6.0498
746      -0.1976 6.6156
747      -0.1230 6.0741
748      0.2448 5.2095
749      0.5821 6.6787
750      -0.1870 5.2754
751      0.0767 6.0567
752      0.4051 5.2925
753      0.0529 5.2318
754      0.0325 6.5088
755      0.5364 5.2711
756      0.3833 5.2773
757      0.4061 4.8040
758      0.1616 5.0674
759      -0.2042 7.5344
760      -0.2656 5.0287
761      -0.2144 6.8516
762      0.1137 5.9971
763      -0.2383 5.5048
764      0.6657 6.3136
765      -0.3126 5.8178
766      0.5862 5.2414
767      0.0898 5.0604
768      -0.1604 5.6507
769      -0.1009 6.0124
770      -0.0802 6.0175
771      -0.1086 5.9179
772      0.1286 5.5402
773      -0.2289 5.9956
774      -0.2091 6.7840
775      -0.2512 5.5863
776      -0.1384 5.0389
777      0.1966 4.9744
778      -0.2771 5.9060
779      0.2417 5.4721
780      -0.3052 6.0052
781      -0.1931 6.0175
782      -0.1815 4.8854
783      0.2123 5.4303
784      -0.1463 4.8485
785      -0.0171 6.0305
786      0.3379 5.6651
787      -0.2323 4.7390
788      0.1093 5.2906
789      0.2398 5.2922
790      0.3640 5.9984
791      0.5582 5.3571
792      0.0896 6.9601
793      0.1396 8.1201
794      0.0676 5.0166
795      0.1619 4.9389
796      0.4122 5.9584
797      0.0498 4.5992
798      -0.0743 5.2750
799      0.3125 5.9901
800      -0.2802 8.4906
801      -0.2411 6.0762
802      -0.1901 5.2263
803      -0.2918 5.9967
804      -0.0301 4.8754
805      -0.2011 6.0449
806      -0.1168 8.0067
807      0.1922 6.0120
808      0.0331 6.0397
809      0.3436 6.0899
810      0.5414 5.7506
811      -0.1665 7.9247
812      -0.2527 6.3454
813      0.5017 5.5116
814      0.4958 5.3668
815      0.1237 6.5170
816      0.6640 5.0194
817      -0.1864 5.5293
818      -0.1190 5.8030
819      0.2986 6.6272
820      -0.2719 6.2352
821      0.5677 5.2731
822      -0.2048 6.0922
823      0.1426 5.1949
824      -0.1414 7.0111
825      0.2950 4.8498
826      -0.0811 6.5494
827      -0.2328 6.8220
828      0.3329 5.7648
829      0.1154 5.1326
830      0.4431 5.6622
831      0.2471 7.7907
832      -0.1545 7.1177
833      0.1377 6.8785
834      -0.2411 5.3217
835      0.4063 5.9611
836      -0.1049 12.1055
837      0.3284 4.8028
838      0.1622 4.8095
839      0.5735 4.6218
840      0.2437 5.8662
841      0.1540 5.0686
842      0.7895 8.0799
843      0.1331 5.6132
844      -0.2636 5.9711
845      0.2091 5.8896
846      0.0615 5.2808
847      -0.1367 4.8025
848      -0.1759 4.8036
849      0.3914 6.0168
850      0.3979 5.2711
851      -0.2162 5.8004
852      -0.2405 6.0229
853      -0.0970 5.2714
854      0.1224 5.9117
855      -0.2214 5.0406
856      -0.0342 7.0930
857      -0.2180 5.9056
858      -0.0696 6.0930
859      -0.0832 6.7870
860      -0.0965 5.5381
861      0.0185 4.9416
862      0.4460 4.8170
863      0.2999 5.2394
864      0.4601 4.8068
865      -0.1735 6.1067
866      0.0123 4.8280
867      -0.1058 5.5214
868      0.1363 5.2656
869      0.0072 5.9183
870      -0.1770 4.8792
871      0.1308 6.6759
872      -0.1822 4.8125
873      0.0096 5.1690
874      -0.2229 6.8944
875      -0.1447 6.1185
876      -0.2784 5.8401
877      0.4338 5.4799
878      0.6518 5.1597
879      -0.2118 5.9117
880      0.6126 6.9644
881      -0.1688 5.0374
882      0.0673 5.1800
883      -0.1180 5.2324
884      -0.2324 5.1353
885      -0.1930 7.0375
886      -0.1999 7.1631
887      0.5471 6.3133
888      0.2671 6.6811
889      -0.1478 5.9462
890      -0.0853 5.2039
891      0.0408 5.1632
892      0.5871 5.6466
893      0.0439 6.0964
894      -0.1920 4.8968
895      -0.1441 5.4974
896      -0.2048 5.6377
897      -0.2604 4.5495
898      -0.2013 7.1167
899      0.4845 5.3847
900      0.0529 6.0052
901      -0.1333 6.6757
902      -0.2284 5.1229
903      0.3961 4.8053
904      0.3291 6.5207
905      0.5526 5.1916
906      0.3299 5.9363
907      -0.1317 6.0426
908      -0.2070 7.2382
909      0.2219 7.4579
910      0.5556 7.4263
911      0.0304 5.1526
912      0.0484 6.7715
913      -0.2899 6.2779
914      0.3492 4.7301
915      0.1143 6.8245
916      0.5729 5.6719
917      -0.2526 5.7876
918      -0.2373 5.6842
919      -0.2242 6.8883
920      0.3277 5.1257
921      -0.0592 5.5270
922      -0.0694 5.5536
923      0.6716 6.0659
924      -0.2001 6.6983
925      0.4487 6.0208
926      0.2672 5.7978
927      -0.2363 7.1851
928      -0.2100 6.7978
929      0.5647 5.2874
930      0.4611 4.8882
931      0.6137 5.2799
932      -0.0284 5.7865
933      0.5946 6.0178
934      -0.3150 4.8482
935      0.1399 6.7632
936      0.0238 6.5557
937      0.1762 6.0181
938      -0.1894 5.5506
939      0.2027 5.8042
940      -0.3188 4.8078
941      -0.2272 7.0272
942      -0.1607 6.0029
943      -0.0437 5.6927
944      0.0720 5.8898
945      0.1545 5.7863
946      -0.1364 5.9432
947      -0.2254 5.9397
948      -0.1883 9.3496
949      -0.2363 6.0711
950      -0.1258 8.2075
951      -0.1790 6.7954
952      -0.2779 9.2374
953      -0.2463 5.7940
954      -0.2498 6.0065
955      -0.0847 8.1326
956      -0.1505 5.7886
957      0.3327 5.1821
958      -0.2397 4.8977
959      -0.2006 6.3234
960      -0.1205 5.2130
961      -0.2075 8.5994
962      0.1826 6.1098
963      -0.1991 5.9843
964      0.0416 6.1082
965      -0.1389 6.5129
966      0.2640 6.0135
967      -0.2132 5.8237
968      0.0202 5.1378
969      0.2065 6.6141
970      -0.2386 5.6655
971      -0.2019 6.8192
972      0.1483 5.8193
973      -0.2424 5.7896
974      0.0551 6.0529
975      -0.0116 4.9469
976      0.2252 6.0889
977      -0.0656 5.7867
978      0.0124 4.8303
979      -0.2075 6.0224
980      -0.2407 7.3477
981      -0.2081 6.1013
982      0.0243 5.7857
983      -0.0451 8.3106
984      0.2712 5.5522
985      -0.1276 5.6884
986      0.3681 4.5629
987      -0.1487 8.1512
988      -0.1270 6.0384
989      0.5982 4.8389
990      0.3541 5.3088
991      -0.0874 5.9557
992      -0.2625 4.5011
993      -0.1362 4.9169
994      0.2819 6.0441
995      -0.1902 6.0121
996      0.1677 5.9999
997      -0.2194 6.0048
998      0.1572 5.9971
999      0.1038 6.1887
1000     -0.1423 6.0320
1001     0.2949 5.1512
1002     -0.1495 5.1346
1003     -0.0465 6.0014
1004     0.5833 6.1224
1005     0.6650 5.3003
1006     0.5262 5.7132
1007     0.7926 4.8599
1008     -0.2356 5.7172
1009     0.4378 5.9968
1010     0.0715 5.7869
1011     -0.1841 5.5202
1012     -0.2356 5.7771
1013     0.5473 4.8235
1014     -0.2012 7.0755
1015     0.0916 5.5066
1016     0.6080 6.6149
1017     0.1912 4.7643
1018     -0.2177 5.4634
1019     -0.0110 5.5416
1020     -0.0893 6.0173
1021     0.2949 5.2445
1022     0.4584 4.8290
1023     -0.2305 5.4605
1024     0.4481 5.2201
1025     -0.2571 6.5504
1026     -0.1915 4.9449
1027     -0.0482 5.2570
1028     -0.2588 5.7914
1029     0.6951 6.4273
1030     0.0740 6.6579
1031     -0.2267 6.0647
1032     0.0310 5.2590
1033     -0.1832 6.8419
1034     -0.2419 4.9451
1035     -0.0966 5.2275
1036     -0.0614 5.6353
1037     -0.1880 7.3092
1038     0.0110 7.7263
1039     0.4087 5.9646
1040     -0.1557 6.5973
1041     0.5151 4.8340
1042     0.2249 5.2700
1043     -0.1857 6.2196
1044     0.7251 5.2663
1045     -0.2335 5.2534
1046     -0.0455 6.7161
1047     -0.1666 4.9392
1048     -0.1402 4.6487
1049     0.0206 8.1924
1050     0.1160 5.1395
1051     0.6267 4.5842
1052     0.2903 5.5719
1053     -0.2196 4.5486
1054     -0.1214 5.0535
1055     -0.2318 6.2877
1056     -0.1646 6.1789
1057     0.1143 5.1943
1058     -0.2038 4.9291
1059     0.8226 5.3004
1060     -0.0794 6.2555
1061     -0.0677 4.8401
1062     0.1510 4.8186
1063     0.7677 5.9989
1064     -0.0403 6.5430
1065     -0.1784 5.5440
1066     -0.0104 4.8436
1067     -0.2230 4.9378
1068     -0.1087 5.5299
1069     0.4190 4.8112
1070     0.2569 5.2754
1071     0.2077 5.8265
1072     -0.1376 6.0889
1073     -0.1811 7.0078
1074     -0.0213 5.2456
1075     0.2004 4.8324
1076     0.1478 5.9280
1077     0.7971 6.0040
1078     -0.1877 5.9539
1079     -0.1253 6.6344
1080     -0.1267 7.0102
1081     0.2400 5.7969
1082     -0.0781 5.5038
1083     -0.1531 6.6002
1084     -0.2385 5.7875
1085     0.2365 4.8444
1086     0.0129 4.8655
1087     -0.0149 4.8036
1088     -0.2525 5.9377
1089     0.2282 5.5630
1090     0.4560 6.0620
1091     0.7163 4.8237
1092     0.1463 6.6601
1093     0.2659 5.9362
1094     -0.1967 5.8965
1095     -0.2565 6.2637
1096     0.5867 5.4192
1097     0.0925 5.2473
1098     -0.1711 5.8372
1099     -0.2248 8.0637
1100     0.2467 5.9013
1101     0.6044 5.2429
1102     0.8308 6.2988
1103     -0.0112 6.5893
1104     0.0206 16.3239
1105     -0.2528 6.5976
1106     0.4513 5.5749
1107     -0.0399 6.9887
1108     -0.1971 6.1006
1109     -0.1201 6.0030
1110     0.1135 5.5857
1111     0.4566 6.0259
1112     -0.2706 5.8326
1113     -0.0986 6.0065
1114     -0.2421 6.6160
1115     -0.3260 4.9598
1116     0.5488 6.1672
1117     -0.2092 7.1961
1118     -0.1933 5.5516
1119     0.3054 5.2767
1120     0.5075 4.9364
1121     -0.1476 6.5539
1122     -0.1095 6.9370
1123     -0.1323 5.9309
1124     -0.2150 5.5458
1125     0.2976 5.9949
1126     -0.1893 6.8537
1127     -0.0395 4.7284
1128     -0.2481 5.4627
1129     0.3477 6.2914
1130     0.7156 5.3360
1131     0.7887 4.8223
1132     -0.1708 5.5501
1133     -0.2675 6.2737
1134     -0.2832 6.4706
1135     -0.0820 6.7062
1136     0.2340 5.1814
1137     0.4234 5.3665
1138     -0.2555 5.9946
1139     -0.0042 5.7021
1140     0.2398 5.2509
1141     -0.0165 5.9739
1142     -0.1984 5.4810
1143     0.8065 5.4143
1144     -0.1788 5.1393
1145     -0.1432 6.0452
1146     0.3317 6.9396
1147     0.5163 6.0855
1148     -0.2082 5.8280
1149     -0.1323 6.7608
1150     0.5329 6.1845
1151     -0.3259 5.1251
1152     -0.1434 9.0512
1153     0.1279 7.7232
1154     -0.0472 5.6518
1155     -0.1800 6.8961
1156     -0.0869 4.9502
1157     0.9408 5.2778
1158     0.5036 5.2921
1159     -0.1238 5.9465
1160     0.1491 6.0047
1161     -0.1168 5.1748
1162     0.0634 6.3298
1163     0.8562 5.3704
1164     0.4656 5.2225
1165     0.2737 4.8197
1166     -0.2673 6.3486
1167     0.5448 7.8481
1168     -0.0647 4.8032
1169     0.1482 6.4379
1170     -0.0391 6.8051
1171     0.0752 4.9214
1172     -0.1133 7.0689
1173     -0.0593 6.5309
1174     0.1949 6.2069
1175     -0.1733 4.7554
1176     -0.2274 6.6115
1177     -0.2195 5.4373
1178     -0.0569 6.0070
1179     -0.2939 4.9897
1180     0.1371 5.4145
1181     -0.2169 4.9323
1182     -0.1265 5.2560
1183     0.2192 4.9409
1184     0.0940 6.6511
1185     -0.1592 7.3314
1186     -0.0350 5.9856
1187     -0.0183 5.6463
1188     -0.1074 4.9520
1189     -0.2359 5.5252
1190     -0.1182 7.4597
1191     0.1436 5.8839
1192     -0.2516 5.7975
1193     0.5783 4.8240
1194     -0.1098 7.1521
1195     -0.2436 7.2752
1196     0.1088 6.0001
1197     0.6989 6.0985
1198     -0.0367 5.5439
1199     -0.1245 7.0330
1200     0.3487 4.8116
1201     0.1291 6.0028
1202     0.0110 6.0217
1203     0.4408 5.2127
1204     -0.0148 6.3367
1205     -0.1670 5.1631
1206     -0.1294 7.2650
1207     0.4163 4.7155
1208     0.1276 4.8583
1209     0.8018 4.8230
1210     0.8957 6.0134
1211     -0.1671 5.5327
1212     0.1754 5.1098
1213     -0.2480 5.8433
1214     -0.1339 6.5897
1215     0.5858 5.7407
1216     -0.1162 5.5229
1217     -0.1391 5.1445
1218     -0.1951 6.0011
1219     0.2204 5.9681
1220     -0.2843 6.6145
1221     0.5765 5.8845
1222     -0.0977 6.0089
1223     -0.2268 7.1509
1224     -0.1943 7.3355
1225     -0.2702 6.5837
1226     -0.1280 5.6167
1227     0.0324 6.0260
1228     0.7121 5.5771
1229     -0.2318 5.1593
1230     -0.1761 6.0006
1231     -0.2362 9.3212
1232     -0.2363 5.6502
1233     0.6423 6.0942
1234     0.6252 5.3738
1235     0.2821 4.8064
1236     0.3681 5.9380
1237     0.1811 5.5634
1238     -0.1739 5.3614
1239     -0.1652 7.6740
1240     -0.1842 7.0169
1241     0.2310 5.2164
1242     0.2167 7.9337
1243     0.2687 6.3604
1244     -0.1340 7.0236
1245     0.6630 6.0803
1246     -0.2578 6.8363
1247     -0.2237 6.5982
1248     -0.2220 6.6248
1249     0.5366 5.0094
1250     0.3421 7.6638
1251     -0.0055 6.1022
1252     0.4473 5.6858
1253     -0.1672 6.8001
1254     -0.2302 6.8676
1255     0.3673 6.5333
1256     0.9140 4.7977
1257     0.3360 5.9388
1258     0.6953 4.6818
1259     0.1908 8.0953
1260     0.3296 4.7881
1261     0.2669 5.6055
1262     0.7360 7.0423
1263     -0.1629 6.6410
1264     0.6061 4.8465
1265     0.3306 5.5447
1266     0.3839 6.5411
1267     0.7094 4.8059
1268     -0.1696 5.5764
1269     -0.2147 7.4564
1270     -0.2057 6.0763
1271     -0.0375 5.8065
1272     -0.1031 6.5985
1273     -0.1008 5.2155
1274     -0.1717 5.4675
1275     -0.1812 7.0208
1276     0.1592 6.4386
1277     -0.1984 5.9483
1278     0.1675 6.4098
1279     -0.3092 6.0803
1280     0.6541 5.1454
1281     -0.1332 7.6912
1282     0.0924 5.9256
1283     -0.1479 9.9882
1284     0.5498 5.6796
1285     -0.2549 5.9598
1286     -0.1215 5.0777
1287     0.5562 4.6892
1288     0.2179 5.5171
1289     0.8462 5.8953
1290     0.7479 5.9565
1291     0.0909 5.5312
1292     0.7737 5.5731
1293     0.4005 5.5236
1294     -0.1541 5.3825
1295     0.9196 5.8769
1296     -0.0652 5.5167
1297     0.3791 5.5694
1298     -0.2540 4.9556
1299     0.9059 6.0537
1300     -0.1360 7.4329
1301     -0.1914 6.4807
1302     0.6277 4.8475
1303     -0.1467 4.8488
1304     -0.1795 4.7942
1305     -0.1454 8.7951
1306     0.4455 4.6432
1307     0.6268 5.8887
